34 39
34 40
34 46
34 47
34 58
34 59
34 65
34 66
35 40
35 41
35 45
35 46
35 59
35 60
35 64
35 65
36 37
36 40
36 42
36 44
36 46
36 49
36 56
36 59
36 61
36 63
36 65
36 68
37 37
37 38
37 39
37 41
37 42
37 44
37 45
37 47
37 48
37 49
37 56
37 57
37 58
37 60
37 61
37 63
37 64
37 66
37 67
37 68
38 38
38 40
38 42
38 44
38 46
38 48
38 50
38 55
38 57
38 59
38 61
38 63
38 65
38 67
39 39
39 40
39 41
39 45
39 46
39 47
39 58
39 59
39 60
39 64
39 65
39 66
41 39
41 40
41 41
41 45
41 46
41 47
41 58
41 59
41 60
41 64
41 65
41 66
42 38
42 40
42 42
42 44
42 46
42 48
42 50
42 55
42 57
42 59
42 61
42 63
42 65
42 67
43 37
43 38
43 39
43 41
43 42
43 44
43 45
43 47
43 48
43 49
43 56
43 57
43 58
43 60
43 61
43 63
43 64
43 66
43 67
43 68
44 37
44 40
44 42
44 44
44 46
44 49
44 56
44 59
44 61
44 63
44 65
44 68
45 40
45 41
45 45
45 46
45 48
45 57
45 59
45 60
45 64
45 65
46 39
46 40
46 46
46 47
46 58
46 59
46 65
46 66
50 39
50 40
50 46
50 47
50 58
50 59
50 65
50 66
51 40
51 41
51 45
51 46
51 48
51 57
51 59
51 60
51 64
51 65
52 37
52 40
52 42
52 44
52 46
52 49
52 56
52 59
52 61
52 63
52 65
52 68
53 37
53 38
53 39
53 41
53 42
53 44
53 45
53 47
53 48
53 49
53 56
53 57
53 58
53 60
53 61
53 63
53 64
53 66
53 67
53 68
54 38
54 40
54 42
54 44
54 46
54 48
54 50
54 55
54 57
54 59
54 61
54 63
54 65
54 67
55 39
55 40
55 41
55 45
55 46
55 47
55 58
55 59
55 60
55 64
55 65
55 66
57 39
57 40
57 41
57 45
57 46
57 47
57 58
57 59
57 60
57 64
57 65
57 66
58 38
58 40
58 42
58 44
58 46
58 48
58 50
58 55
58 57
58 59
58 61
58 63
58 65
58 67
59 37
59 38
59 39
59 41
59 42
59 44
59 45
59 47
59 48
59 49
59 56
59 57
59 58
59 60
59 61
59 63
59 64
59 66
59 67
59 68
60 37
60 40
60 42
60 44
60 46
60 49
60 56
60 59
60 61
60 63
60 65
60 68
61 40
61 41
61 45
61 46
61 59
61 60
61 64
61 65
62 39
62 40
62 46
62 47
62 58
62 59
62 65
62 66
